kinematics:
  shoulder:
    x: 0
    y: 0
    z: 0.1627598250323876
    roll: -0
    pitch: 0
    yaw: 1.633528903810522e-08
  upper_arm:
    x: 0.0002354188167209251
    y: 0
    z: 0
    roll: 1.570812163231932
    pitch: 0
    yaw: -1.577926758800157e-07
  forearm:
    x: -0.4251534336460259
    y: 0
    z: 0
    roll: 3.141116590833372
    pitch: -3.141099466104513
    yaw: -3.141590425778507
  wrist_1:
    x: -0.3923097073479461
    y: -0.0008901987632950218
    z: 0.1336756148559894
    roll: 0.006659296874955952
    pitch: 0.0002355788408442372
    yaw: -5.910205993581982e-06
  wrist_2:
    x: -1.968651522634454e-05
    y: -0.09963751993304035
    z: 0.0002444774825970233
    roll: 1.568342662832383
    pitch: 0
    yaw: -3.443507425107683e-07
  wrist_3:
    x: 4.251970180237351e-05
    y: 0.09956002073339941
    z: 0.0001568481305977543
    roll: 1.572371738287188
    pitch: 3.141592653589793
    yaw: 3.141592366577151
  hash: calib_16387554935671509164