kinematics:
  shoulder:
    x: 0
    y: 0
    z: 0.1626860771786786
    roll: -0
    pitch: 0
    yaw: 5.490830751533893e-08
  upper_arm:
    x: 0.0002007946745633273
    y: 0
    z: 0
    roll: 1.571153598197921
    pitch: 0
    yaw: -3.239146071548798e-06
  forearm:
    x: -0.4250140475537697
    y: 0
    z: 0
    roll: 5.759357656066172e-05
    pitch: -0.001055472000351561
    yaw: -2.485224717282309e-06
  wrist_1:
    x: -0.392169399977303
    y: -0.001021956360288221
    z: 0.1335302470721174
    roll: 0.007653220375280404
    pitch: 0.00129014066652339
    yaw: -9.236487969163206e-06
  wrist_2:
    x: 0.0001779273311881265
    y: -0.09970633223678335
    z: 7.411196420253579e-05
    roll: 1.57005302444999
    pitch: 0
    yaw: -1.528854006727087e-07
  wrist_3:
    x: 3.406425840696482e-05
    y: 0.09953016099461699
    z: 1.638883133338018e-05
    roll: 1.570960988752855
    pitch: 3.141592653589793
    yaw: 3.141592044998089
  hash: calib_858378283836737217