kinematics:
  shoulder:
    x: 0
    y: 0
    z: 0.1516200842447159
    roll: -0
    pitch: 0
    yaw: -4.310694645820456e-07
  upper_arm:
    x: -8.951708698662613e-05
    y: 0
    z: 0
    roll: 1.569796301827415
    pitch: 0
    yaw: 2.690529041583081e-06
  forearm:
    x: -0.2439482727521507
    y: 0
    z: 0
    roll: 3.141349673760271
    pitch: 3.13987694914873
    yaw: 3.141588059218036
  wrist_1:
    x: -0.2132023179490747
    y: -0.0003175549956476305
    z: 0.1313241842730299
    roll: 0.002418095177754793
    pitch: 0.0005866443581614329
    yaw: 4.333573921751338e-06
  wrist_2:
    x: 0.0001282568778332525
    y: -0.08531039039161477
    z: -4.211872023479407e-05
    roll: 1.571290038248089
    pitch: 0
    yaw: 1.762264466714791e-07
  wrist_3:
    x: -7.655279102748793e-05
    y: 0.09198374250473128
    z: -7.038642006726792e-05
    roll: 1.570031121940075
    pitch: 3.141592653589793
    yaw: 3.141592534682567
  hash: calib_5152334588449513031